008000045000007300000000210006080000840900000760000500000050008350000009000100000100100100000000000001001001110001100000000000001100011100100100000000000001001001
000006040009600320600000000006700000000900600000003000023050070000000000400100000100100100000000000001001001110001100000000000001100011100100100000000000001001001


#actually created with 2 steps at random
005000008600000000800400300970000430500020003000300050000000802103278000001009070000001010000000010010001001000100001001101100100001000100100010010000000010100000
700020000608003240000040000450600002006000003120060054000089007530400008000010070000101010000110000011001000001001000010000010000100100000100110000011000010101000
030009007402007008020053800000204009000032750300740000000520640006900002000000020101100110000010000000000001010000110100000001011000010100000000000010000011001101
000300000000009006400000000000080000024006870010048000000000000700402100806001040000010000100010110001100101100000100000000000001000001101001100011010001000010000
005800000000071000000000400500609010000080003000100060000004000702000500000000000100001011010000000000011000000010100001101100001010000000110000000000010110100001
000060020000001000000000000000020000020000000203000000002000600000000790040070000001101100000110000010100010100001000000000000000100001010001010000011000001101100


#with 1 step only value
000000000800000050000000060400005000300000000000000000000000000000000001000000002000000000000100001110001001011110000001000100000011110100100011100001000000000000
000040020007000000090000030000000040003790000000000003030008000000300700050030090101000100100100100000011001011000000000000000000000110100110000001001001001000101
000000000500600900000800000000000000000000035600000000000406070000300000000005000100001000001000011000000100011010100000101000001010110001000000110000100000100001
000000004006000000900600000000000002000807040302000060000000609200010700105020090100100000010000000010011000100111000001000100000111001000110010000000010000001001
000000090002001400000000500000900000007000000000000000006000000005007000020400000000110100010000010000110000100010001000101000100010001000011000010000010001011000
080024065600003000000000000000000700000007006054000000000401002000002401060080040001100000000010101011010010100100000000000000000001001010010110101010000000001100

#with numbers in black
070000000000987000090070000068000040500000300000000000030090000302000000000026070000101010001101000001001100000100001000000000100001000001100100000101100010101000
000000000000000005000600000000000000000000000000010000000000000000000000000000000100000000001000001001111000100010011000000000110010001000111100100000100000000001
080000000000005200600800002000700060007000000005080006000000000000000010050000070000100001110000110010001000110001000000000000000100011000100010011000011100001000
000000001000097002600000020000000000734200190000000700000100508000000000003000000000001010001001000000011011010100001000000000100001010110110000000100100010100000
050000000006080900008000000000002000400030200013200000000004000100008050000050006000001101000010100010000010100010001010010010100010001010000010001010000101100000
004020000000006100000340010980010000000000060002050000000000007201800000010000506000100101010000110000000001000100000011111110000001000100000000011000010101001000
090002030400001006030007000000000700000000060070030050000000201709106040000080000010100111000101000010000001000001000100000001000100000100000010000101000111001010
000000000014000000000000007000000506008700400005006000006020000609000810000000020000100000001100100100001000001010100110010011001010100000100001001001100000001000
800000000000350000000000070000597000206700300000000053000000090070001000060042007011000000110000100010111011000000000000000000000000000110111010001000011000000110
300000468000008000040030100004020650008600040200590700007016204000375010000000000001100001101000000000111010010000001000010000100000010010111000000000101100001100
300100000030009500003000670050014009000090000010846030408700000079060003760400302000100100010100000100110010000000010011010110010000000010011001000001010001001000
000050000080002000040070000000000070060800004000400705070009803900000000000000089110000011001000000000000001101110001000010000100011101100000000000000100110000011


000970000040500210180054009000000000006000090000030600000005900000490000003006040011100100000001000110000001010010010000000100000000001101011010111000000000100000
020000703008050000300006002070080021700000200007024000000005870980000547800103000001010010010100000000111100100001001100010010000000000100000100001000000111010000
206500079005000718000054000000048200009000000008000000000000004000300020000000000100001000010000010001100100100101001000010000000100000011001010010011010000010000

580060010000000603003006004000000901000000450420008060054320000090000206000010048100001100010100010000100000000011001100101001100110000000001000010001010001100001
000602000190040006300000005050001800043000708720000300005000000504780000000800204011100000010000000011010000001000100000101010011010110000010100000101000111010000